[gd_scene load_steps=26 format=3 uid="uid://b6efoncbfkcdn"]

[ext_resource type="Texture2D" uid="uid://cdmkrtw5j3psc" path="res://test_dissolve/resources/texture2.png" id="1"]
[ext_resource type="Texture2D" uid="uid://b27pvjwl6jsoe" path="res://test_dissolve/resources/texture1.png" id="2"]
[ext_resource type="Texture2D" uid="uid://uh647jumkhny" path="res://test_dissolve/resources/transparent.png" id="3"]
[ext_resource type="Shader" path="res://test_dissolve/dissolve4/3D Vertical Dissolve Object Space.gdshader" id="3_kbp7r"]
[ext_resource type="Script" path="res://test_dissolve/dissolve3/3D Vertical Dissolve.gd" id="4"]
[ext_resource type="ArrayMesh" uid="uid://bqmddauhiuxx6" path="res://test_dissolve/resources/suzanne.obj" id="5"]
[ext_resource type="FastNoiseLite" path="res://test_dissolve/resources/noise.tres" id="6"]
[ext_resource type="Texture2D" uid="uid://5q2rpbefxr1u" path="res://test_dissolve/resources/Moss.png" id="7_bxguv"]
[ext_resource type="PackedScene" uid="uid://o2bulgrkp1gy" path="res://test_dissolve/dissolve3/cylinder.tscn" id="9_ddtu6"]

[sub_resource type="ProceduralSkyMaterial" id="ProceduralSkyMaterial_ajy5p"]
sky_horizon_color = Color(0.64625, 0.65575, 0.67075, 1)
ground_horizon_color = Color(0.64625, 0.65575, 0.67075, 1)

[sub_resource type="Sky" id="Sky_ur24w"]
sky_material = SubResource("ProceduralSkyMaterial_ajy5p")

[sub_resource type="Environment" id="Environment_3k6bq"]
background_mode = 2
sky = SubResource("Sky_ur24w")
tonemap_mode = 2
glow_enabled = true

[sub_resource type="Sky" id="4"]

[sub_resource type="Environment" id="5"]
background_mode = 3
background_color = Color(0.533333, 0.52549, 0.52549, 1)
sky = SubResource("4")
ssao_enabled = true
glow_enabled = true
fog_enabled = true

[sub_resource type="StandardMaterial3D" id="6"]
albedo_color = Color(0.580392, 0.592157, 0.603922, 1)

[sub_resource type="PlaneMesh" id="7"]
size = Vector2(400, 400)

[sub_resource type="NoiseTexture2D" id="NoiseTexture2D_563hf"]
noise = ExtResource("6")

[sub_resource type="ShaderMaterial" id="ShaderMaterial_6tb62"]
render_priority = 0
shader = ExtResource("3_kbp7r")
shader_parameter/offset = 0.0
shader_parameter/up = true
shader_parameter/borderColor = Color(1, 1, 0, 1)
shader_parameter/borderHeight = 0.1
shader_parameter/waveAmplitude = 1.0
shader_parameter/waveFrequency = 1.0
shader_parameter/wavePhase = 0.1
shader_parameter/emissionIntensity = 1.0
shader_parameter/noiseSpeed = 0.01
shader_parameter/noiseInfluence = 1.0
shader_parameter/blendUVScale = Vector2(1, 1)
shader_parameter/noiseUVScale = Vector2(1, 1)
shader_parameter/textureUVScale = Vector2(1, 1)
shader_parameter/texture = ExtResource("1")
shader_parameter/blendTexture = ExtResource("3")
shader_parameter/noiseTexture = SubResource("NoiseTexture2D_563hf")

[sub_resource type="NoiseTexture2D" id="NoiseTexture2D_wytso"]
noise = ExtResource("6")

[sub_resource type="ShaderMaterial" id="ShaderMaterial_modvs"]
render_priority = 0
shader = ExtResource("3_kbp7r")
shader_parameter/offset = 0.0
shader_parameter/up = true
shader_parameter/borderColor = Color(1, 1, 0, 1)
shader_parameter/borderHeight = 0.1
shader_parameter/waveAmplitude = 1.0
shader_parameter/waveFrequency = 1.0
shader_parameter/wavePhase = 0.1
shader_parameter/emissionIntensity = 1.0
shader_parameter/noiseSpeed = 0.01
shader_parameter/noiseInfluence = 1.0
shader_parameter/blendUVScale = Vector2(1, 1)
shader_parameter/noiseUVScale = Vector2(1, 1)
shader_parameter/textureUVScale = Vector2(1, 1)
shader_parameter/texture = ExtResource("2")
shader_parameter/blendTexture = ExtResource("7_bxguv")
shader_parameter/noiseTexture = SubResource("NoiseTexture2D_wytso")

[sub_resource type="CompressedTexture2D" id="CompressedTexture2D_576xb"]
load_path = "res://.godot/imported/transparent.png-e7da9d9dc52942967a9034f23e3714de.s3tc.ctex"

[sub_resource type="FastNoiseLite" id="FastNoiseLite_rv2pb"]
seed = 312312

[sub_resource type="NoiseTexture2D" id="NoiseTexture2D_svlyo"]
noise = SubResource("FastNoiseLite_rv2pb")

[sub_resource type="CompressedTexture2D" id="CompressedTexture2D_1e7gy"]
load_path = "res://.godot/imported/texture2.png-3eaaa59a0573d58d931bd71026cfe8d1.s3tc.ctex"

[sub_resource type="ShaderMaterial" id="ShaderMaterial_b4riq"]
render_priority = 0
shader = ExtResource("3_kbp7r")
shader_parameter/offset = 0.0
shader_parameter/up = false
shader_parameter/borderColor = Color(1, 1, 0, 1)
shader_parameter/borderHeight = 0.1
shader_parameter/waveAmplitude = 1.0
shader_parameter/waveFrequency = 1.0
shader_parameter/wavePhase = 0.1
shader_parameter/emissionIntensity = 1.0
shader_parameter/noiseSpeed = 0.01
shader_parameter/noiseInfluence = 1.0
shader_parameter/blendUVScale = Vector2(1, 1)
shader_parameter/noiseUVScale = Vector2(1, 1)
shader_parameter/textureUVScale = Vector2(1, 1)
shader_parameter/texture = SubResource("CompressedTexture2D_1e7gy")
shader_parameter/blendTexture = SubResource("CompressedTexture2D_576xb")
shader_parameter/noiseTexture = SubResource("NoiseTexture2D_svlyo")

[node name="3DVerticalDissolveObjectSpace" type="Node3D"]
script = ExtResource("4")
speed = 5.0
from = 1.0
to = 7.0
testShader = true

[node name="WorldEnvironment" type="WorldEnvironment" parent="."]
environment = SubResource("Environment_3k6bq")

[node name="DirectionalLight" type="DirectionalLight3D" parent="."]
transform = Transform3D(1, 0, 0, 0, 0.821189, 0.570656, 0, -0.570656, 0.821189, 0, 21.5684, 30.6121)
light_energy = 2.0
shadow_enabled = true
directional_shadow_mode = 0

[node name="Camera" type="Camera3D" parent="."]
transform = Transform3D(0.985253, -0.000304919, -0.171106, 0, 0.999999, -0.00178205, 0.171106, 0.00175577, 0.985251, -0.111022, 1.41166, 18.6094)
environment = SubResource("5")
far = 167.2

[node name="Plane" type="MeshInstance3D" parent="."]
transform = Transform3D(1, 0, 0, 0, 0.935869, -0.352348, 0, 0.352348, 0.935869, 0, -13.2698, -12.6181)
material_override = SubResource("6")
mesh = SubResource("7")

[node name="Suzanne1" type="MeshInstance3D" parent="."]
transform = Transform3D(-0.290589, -0.955637, 0.0481307, -0.468944, 0.098389, -0.87773, 0.834056, -0.277629, -0.47673, 7.50554, 0, -0.0491965)
mesh = ExtResource("5")
surface_material_override/0 = SubResource("ShaderMaterial_6tb62")

[node name="Suzanne2" type="MeshInstance3D" parent="."]
transform = Transform3D(0.834303, 0.422931, -0.353649, 0.0807726, -0.728325, -0.680455, -0.545356, 0.539141, -0.641805, -6.16059, 0.0160527, -0.155344)
mesh = ExtResource("5")
surface_material_override/0 = SubResource("ShaderMaterial_modvs")

[node name="Cylinder" parent="." instance=ExtResource("9_ddtu6")]
transform = Transform3D(0.482531, 0.09827, 0.870349, 0.871613, 0.0440806, -0.488209, -0.0863417, 0.994183, -0.0643832, -15.0105, 5.11959, -0.405388)
surface_material_override/0 = SubResource("ShaderMaterial_b4riq")

[editable path="Cylinder"]
