[gd_scene load_steps=7 format=2]

[sub_resource type="OccluderShapePolygon" id=1]
polygon_points = PackedVector2Array( 0, 0, 2, 0, 2, 2, 0, 2 )

[sub_resource type="OccluderShapePolygon" id=2]
polygon_points = PackedVector2Array( 0, 0, 2, 0, 2, 2, 0, 2 )

[sub_resource type="OccluderShapePolygon" id=3]
polygon_points = PackedVector2Array( 0, 0, 2, 0, 2, 2, 0, 2 )

[sub_resource type="OccluderShapePolygon" id=4]
polygon_points = PackedVector2Array( 0, 0, 2, 0, 2, 2, 0, 2 )

[sub_resource type="OccluderShapePolygon" id=5]
polygon_points = PackedVector2Array( 0, 0, 2, 0, 2, 2, 0, 2 )

[sub_resource type="OccluderShapePolygon" id=6]
polygon_points = PackedVector2Array( 0, 0, 2, 0, 2, 2, 0, 2 )

[node name="MeshInstance2Occluders" type="Node3D"]

[node name="+X" type="OccluderInstance3D" parent="."]
transform = Transform3D( 0.944763, -0.0181753, -0.32725, 0.0192344, 0.999815, 8.40762e-10, 0.32719, -0.00629445, 0.944938, 24.1909, 20.9917, -15.8152 )
shape = SubResource( 1 )

[node name="-X" type="OccluderInstance3D" parent="."]
transform = Transform3D( 0.944763, -0.0181753, -0.32725, 0.0192344, 0.999815, 8.40762e-10, 0.32719, -0.00629445, 0.944938, 24.8454, 20.9917, -17.705 )
shape = SubResource( 2 )

[node name="+Y" type="OccluderInstance3D" parent="."]
transform = Transform3D( -0.32725, -0.944763, 0.0181753, 0, -0.0192344, -0.999815, 0.944938, -0.32719, 0.00629446, 26.6985, 23.0297, -17.0632 )
shape = SubResource( 3 )

[node name="-Y" type="OccluderInstance3D" parent="."]
transform = Transform3D( -0.32725, -0.944763, 0.0181753, 0, -0.0192344, -0.999815, 0.944938, -0.32719, 0.00629446, 26.7349, 21.0301, -17.0507 )
shape = SubResource( 4 )

[node name="-Z" type="OccluderInstance3D" parent="."]
transform = Transform3D( -0.32725, -0.0181753, -0.944763, 0, 0.999815, -0.0192344, 0.944938, -0.00629445, -0.32719, 26.7349, 21.0301, -17.0507 )
shape = SubResource( 5 )

[node name="+Z" type="OccluderInstance3D" parent="."]
transform = Transform3D( -0.32725, -0.0181753, -0.944763, 0, 0.999815, -0.0192344, 0.944938, -0.00629445, -0.32719, 24.8454, 20.9917, -17.705 )
shape = SubResource( 6 )
