[gd_scene load_steps=6 format=2]

[ext_resource path="res://test_3D_using_3d_transforms/Scene2.gd" type="Script" id=1]

[sub_resource type="CylinderMesh" id=1]

[sub_resource type="StandardMaterial3D" id=2]
albedo_color = Color( 0.0862745, 0.913725, 0.0980392, 1 )

[sub_resource type="StandardMaterial3D" id=3]
flags_transparent = true
albedo_color = Color( 0.937255, 0.0745098, 0.0745098, 0.705882 )

[sub_resource type="StandardMaterial3D" id=4]
flags_transparent = true
albedo_color = Color( 0.0941176, 0.0666667, 0.921569, 0.705882 )

[node name="Scene2" type="Node3D"]
script = ExtResource( 1 )

[node name="Camera3D" type="Camera3D" parent="."]
transform = Transform3D( 0.0166172, -0.261384, 0.965092, 0, 0.965225, 0.26142, -0.999862, -0.00434407, 0.0160393, 6.85077, 2.52872, -0.223082 )

[node name="Rotation" type="MeshInstance3D" parent="."]
mesh = SubResource( 1 )
material/0 = SubResource( 2 )

[node name="RotationStart" type="MeshInstance3D" parent="."]
transform = Transform3D( 0.306186, -0.918559, 0.25, 0.353553, 0.353553, 0.866025, -0.883883, -0.176777, 0.433013, 0, 0, 5 )
mesh = SubResource( 1 )
material/0 = SubResource( 3 )

[node name="RotationStop" type="MeshInstance3D" parent="."]
transform = Transform3D( 0.739199, 0.28033, 0.612372, 0.353553, 0.612372, -0.707107, -0.573223, 0.739199, 0.353553, 0, 0, -5 )
mesh = SubResource( 1 )
material/0 = SubResource( 4 )
